00000001000000000000000000000
00010110000000000000000001000
01110001000100000000000000010
00010110000100000000000000000
01110001001000000000000001100
00010110001000000000000001110
01110011001100000000000101010
00010110001100000000000001100
01110000010000000000000000110
00010000010000000000000000000
01110000010100000000000011100
00010000010100000000000000100
01110000011000000000000000110
00010000011000000000000000000
01110000011100000000000011100
01010000011100000000000010100
00000000100000000000000000010
00001000100000000000000000100
00000000100100000000000000010
00001000100100000000000001000
01000011101000000000000001000
00001000101000000000000010000
01000011101100000000000000110
00001000101100000000000000000
01000011110000000000000001110
00001000110011111111111110000
01000011110100000000000000010
00001100110100000000000001000
01000011111000000000000000010
00000100111000000000000001000
11110100111000000000000001010
11000101111000000000000000001
01110011111100000000000101010
00010110111100000000000001100